z:
0
0

C:
1 0 0 0 1
0 1 0 0 0
0 0 1 0 0
0 0 0 1 0

S:
1 0 0 1
0 1 0 0
0 0 1 0

P0P1P2P3:z-C
0.1 0.1 0.5 0.5
0.1 0.5 0.5 0.1

CC:C-C
0.5 0.0 0.0 0.5
0.5 0.5 0.0 0.0
0.0 0.5 0.5 0.0
0.0 0.0 0.5 0.5

C0:C-S
1.0 0.5 0.5
0.0 0.5 0.0
0.0 0.0 0.0
0.0 0.0 0.5

C1:C-S
0.5 0.0 0.0
0.5 1.0 0.5
0.0 0.0 0.5
0.0 0.0 0.0

C2:C-S
0.0 0.0 0.0
0.0 0.5 0.0
0.5 0.5 1.0
0.5 0.0 0.0

C3:C-S
0.5 0.0 0.0
0.0 0.0 0.0
0.0 0.0 0.5
0.5 1.0 0.5

T0:S-S
1  .5 .5
0  .5 0
0  0 .5

T1:S-S
.5 0 0
.5 1 .5
0 0 .5

T2:S-S
.5 0 0
0 .5 0
.5 .5 1
